20
45
1
16 1 80
16 14 9
18 13 14
18 11 14
18 14 40
18 10 30
17 1 100
17 14 30
19 8 40
19 13 60
15 13 35
15 14 35
15 10 10
15 12 20
14 3 60
14 4 40
13 12 10
13 10 5
13 11 45
13 9 20
13 7 10
13 1 10
12 5 30
12 1 30
12 0 10
12 6 20
12 9 10
11 6 40
11 9 30
11 0 20
11 2 10
10 4 60
10 6 20
10 9 20
8 2 10
8 0 30
8 1 40
8 5 20
7 1 40
7 5 60
6 0 50
6 4 50
9 0 50
9 6 40
9 5 10
1 10000 49
1 10000 50
1 10000 51
1 10000 3
1 4000 52
1 10000 53
1 100000 54
2 5000 55
2 400 56
2 50000 57
3 10000 58
3 10000 59
3 8000 60
4 6000 61
4 5000 62
5 2000 63
6 400 64
6 500 65
6 200 66
6 250 67
1000
7 