35
78
1
16 26 100
17 16 60
17 27 20
17 26 20
19 16 20
19 27 30
19 26 50
20 28 60
20 16 20
20 32 20
21 28 70
21 33 30
22 31 60
22 28 20
22 29 10
22 16 10
23 28 60
23 31 40
24 28 80
24 31 20
25 30 40
25 32 40
25 27 20
9 16 30
9 30 50
9 34 20
10 32 70
10 24 30
11 19 40
11 21 20
11 23 20
11 16 20
12 18 80
12 28 20
13 15 100
14 19 20
14 17 20
14 15 20
14 16 40
5 19 40
5 15 20
5 11 30
5 17 10
6 11 40
6 13 30
6 19 10
6 21 10
6 20 10
7 9 30
7 10 30
7 11 30
7 15 10
8 15 30
8 24 30
8 23 30
8 10 10
0 6 30
0 13 20
0 5 20
0 10 10
0 9 10
1 3 20
1 0 20
1 6 10
1 8 30
3 19 20
3 9 20
3 20 20
3 14 30
3 15 10
2 0 25
2 6 25
2 8 30
2 14 20
4 25 50
4 15 20
4 19 20
4 24 20
4 20 14
4 20 15
4 20 16
4 20 17
4 20 18
3 50 19
3 50 20
3 50 21
3 50 22
3 200 23
3 200 24
3 200 25
3 200 26
3 200 27
3 200 28
3 200 29
2 500 30
2 500 31
2 500 32
2 500 33
2 500 34
2 500 35
2 500 36
2 500 37
2 500 38
2 500 39
1 10000 40
1 10000 41
1 10000 42
1 10000 43
1 10000 44
1 10000 45
1 10000 46
1 10000 47
1 10000 48
10000
10