68
1 Phytoplancton 1 0.000001 50 1 0.0001 0.00001
2 Algues_de_glace 1 0.001 20 100 0.1 0.01
3 Zooplancton 2 0.01 10 100 0.5 0.1
4 Krill 2 1 2 1000 1 10
5 Amphipodes 2 0.5 2 50 0.5 5
6 Poissons 3 500 1 1000 10 5000
7 Phoque_annele 5 50000 1 1 10000 500000
8 Oiseau_de_mer 5 1000 1 2 50 10000
9 Narval 4 1000000 0.5 1 1000000 10000000
10 Morse 2 1200000 0.5 1 50000 12000000
11 Ours_polaire 4 200000000 0.5 2 2000000 2000000000
12 Baleine 4 30000000000 0.333 1 10000000000 3000000000
13 Mollusques 1 5 2 100 1 50
14 Requin_gris_de_recifs 5 800000 1 2 100000 8000000
15 Requin_Bouledogue 5 900000 1 10 200000 9000000
16 Orque 5 5000000000 0.5 1 2000000000 50000000000
17 Dauphin 5 20000000 0.5 1 5000000 200000000
18 Poisson-Napoleon 5 2000000 1 100 5000 20000000
19 Poisson-lion 4 1000 1 2000 20 10000
20 Barracuda 4 20000 1 5000 1000 200000
21 Murène 4 5000 1 2000 100 50000
22 Raie_aigle 4 1000000 1 4 10000 10000000
23 Poisson-papillon 3 50 2 200 5 500
24 Poisson-globe 3 300 1 100 10 3000
25 Lutjans 3 500 1 1000 15 5000
26 Poisson-ange 3 400 1 500 12 4000
27 Raie_pastenague 3 2000000 1 2 5000 20000000
28 Calmar 3 1000 1 1000 30 10000
29 Crustace 3 10 2 100 2 100
30 Zooplancton 2 0.01 10 100 0.5 0.1
31 Poisson-clown 2 10 2 100 2 100
32 Eponge 2 100 1 1000 0.2 1000
33 Poisson-demoiselle 2 20 2 200 3 200
34 Poisson-chirurgien 2 30 2 300 4 300
35 Poisson-perroquet 2 1000 1 1000 10 10000
36 Tortue-verte 2 1000000 0.5 100 100000 10000000
37 Crabe 2 200 1 1000 5 2000
38 Oursin 2 50 1 1000 1 500
39 etoile_de_mer 2 100 1 100 1 1000
40 Phytoplancton 1 0.000001 50 1 0.0001 0.00001
41 Algues_pelagiques 1 0.002 20 200 0.1 0.02
42 Algues_Benthiques 1 0.003 20 300 0.1 0.03
43 Meduse 1 5000 1 1000 10 50000
44 Corail_Branche 1 10 1 100 0.5 100
45 Herbes_marines 1 0.5 2 1000 0.2 5
46 Corail_cerveau 1 20 1 100 0.5 200
47 Corail_mou 1 5 1 100 0.5 50
48 Anemone_de_mer 1 5 1 50 0.2 50
49 Plantes 1 1 1 8000 100000 0
50 Baies_herbe 1 1 1 9000 100000 0
51 Ecorces 1 1 1 10000 10000 0
52 Plante_aquatiques 2 10 1 1500 16000 0
53 Noix_Graines 2 5 1 5000 500000 0
54 Insectes 2 10 1 5000 300000 40
55 Ecureuil 3 70 1 300 20000 250
56 Caribou 3 300000 1 25 3500 10000
57 Invertebres 3 40 1 400 300000 200
58 Crustaces 3 150 1 9000 50000 400
59 Amphibiens 4 120 1 4000 50000 1000
60 Petits_oiseaux 3 150 1 2000 16000 350
61 Petites_mamiferes  4 4000 1 3000 14000 5000
62 Saumon_truites 4 4000 1 2000 15000 100
63 Oiseaux_charognares 4 4000 1 120 6000 3000
64 Loups_cotiers 5 50000 1 350 1400 1000000
65 Ours_noir 5 100000 1 40 2000 1100000
66 Grizzly 5 150000 1 20 1000 3000000
67 Cougar 5 75000 1 30 1100 2000000